mask 0.99920136 240 30 297 116 4917
nomask 0.99059427 76 69 133 146 4406
nomask 0.9717702 403 144 430 185 1090
nomask 0.48195148 405 149 428 172 535
nomask 0.34946024 399 150 422 179 646
nomask 0.3124474 403 152 413 176 256
nomask 0.24808563 400 145 410 165 209
nomask 0.16090073 405 151 419 172 282
nomask 0.1363099 398 145 416 169 455
nomask 0.13433999 399 150 409 174 234
nomask 0.12885872 409 150 425 182 499
mask 0.10333217 401 149 428 201 1429
nomask 0.0723763 395 136 436 173 1526
nomask 0.06155326 403 143 414 162 199
nomask 0.060220275 412 139 436 182 1024
