mask 0.99882656 92 132 235 319 26802
mask 0.9949858 512 173 557 243 3198
mask 0.9947336 394 171 442 245 3509
mask 0.99297285 393 279 435 338 2466
mask 0.9858519 512 373 560 442 3341
mask 0.96880275 517 280 554 331 1889
mask 0.8390364 402 387 437 427 1392
nomask 0.6258636 403 380 437 421 1412
falsemask 0.10991157 516 275 554 329 2053
mask 0.10119798 521 284 548 317 883
mask 0.08019205 513 375 542 429 1550
falsemask 0.07057276 512 372 559 436 3015
falsemask 0.06142358 401 380 438 431 1911
nomask 0.057661448 406 385 433 409 633
